0.004791 seconds
2548 2656 2551 2194 2368 2144 2514 2668 2555 2767 2397 2379 2511 2256 2696 2236 2564 2617 2663 2272 2645 2497 2613 2268 2640 2500 2608 2721 2701 2846 2405 2453 2600 2617 2432 2241 2599 2918 2430 2525 2436 2622 2468 2552 2288 2802 2515 2398 2747 2364 2625 2446 2770 2385 2341 2436 2607 2568 2613 2073 2575 2486 2440 2697 2921 1972 2841 2649 2397 2566 2420 2268 2880 2240 2708 2766 2073 2595 2333 2596 2390 2396 2342 2285 2507 2649 2502 2467 2573 2805 2746 2675 2421 2745 2594 2286 2350 2177 2476 2493 
2749 2402 2556 2249 2519 2294 2433 2757 2510 2838 2613 2436 2582 2223 2659 2515 2613 2438 2809 2347 2576 2499 2439 2338 2813 2528 2892 2537 2678 2745 2426 2772 2663 2791 2504 2391 2634 2976 2794 2455 2638 2543 2461 2408 2507 2509 2599 2531 2716 2437 2348 2349 2908 2320 2703 2798 2709 2727 2620 2209 2597 2532 2645 2437 3123 2156 2957 2596 2603 2845 2540 2539 2895 2267 2492 2745 2269 2687 2522 2683 2688 2339 2329 2277 2366 2542 2597 2548 2571 3029 2709 2727 2493 2702 2591 2557 2357 2314 2289 2703 
2903 2783 2959 2686 2701 2682 2861 2957 2783 3139 2761 2523 3011 2428 2809 2707 2652 2927 2935 2652 2832 2994 2890 2586 3139 2745 2892 2844 3068 3051 3007 2774 2824 2865 2777 2797 2760 3096 2798 2773 2744 2776 2724 2634 3073 2824 2907 2867 2843 2740 2729 2928 3085 2746 3006 2853 2602 3034 3082 2476 2737 2633 2749 2920 3318 2371 3170 2964 3022 2914 2750 2781 3373 2403 2705 2883 2730 2988 2937 2995 2673 2610 2733 2735 2914 2934 2966 2903 3009 3261 2926 2938 3161 3062 2739 2713 2851 2775 2733 3011 
2650 2665 2505 2388 2395 2415 2674 2657 2348 2746 2587 2399 2495 2101 2700 2408 2555 2422 2687 2456 2652 2487 2560 2298 2686 2441 2685 2534 2737 2656 2481 2540 2517 2525 2348 2567 2546 2957 2616 2487 2519 2712 2446 2415 2723 2643 2392 2547 2725 2493 2385 2494 2790 2281 2444 2476 2620 2707 2701 2193 2657 2319 2505 2746 3048 2188 2632 2642 2387 2495 2543 2436 2953 2192 2547 2784 2449 2541 2593 2642 2360 2282 2560 2463 2424 2603 2432 2426 2449 2981 2714 2565 2395 2626 2609 2393 2365 2362 2318 2611 
2312 2232 2380 1932 2197 2180 2227 2538 2294 2488 2231 1929 2269 1846 2367 2203 2291 2371 2322 2190 2189 2393 2314 2086 2617 2315 2476 2247 2433 2552 2393 2257 2394 2353 2200 2204 2221 2503 2456 2391 2482 2451 2352 2344 2179 2167 2351 2363 2278 2348 2382 2118 2424 2060 2406 2378 2303 2467 2268 2084 2494 2397 2126 2478 2599 2008 2432 2382 2341 2120 2262 1954 2834 2107 2463 2281 2278 2456 2528 2379 2163 2147 2441 2177 2344 2327 2250 2363 2276 2548 2283 2394 2377 2452 2343 2100 2160 2175 2183 2355 
2538 2569 2648 2355 2710 2427 2516 2447 2367 2968 2521 2278 2572 2351 2662 2503 2605 2507 2578 2307 2563 2610 2357 2433 2524 2424 2632 2489 2700 2873 2585 2555 2783 2592 2473 2503 2556 2765 2509 2475 2504 2232 2454 2485 2661 2785 2484 2376 2607 2623 2402 2518 2663 2577 2589 2495 2426 2546 2524 2087 2764 2442 2547 2529 2861 2190 2598 2593 2698 2533 2540 2522 2754 2214 2562 2520 2241 2486 2589 2764 2350 2454 2532 2380 2539 2454 2613 2512 2530 3012 2579 2654 2475 2750 2601 2431 2416 2638 2506 2628 
2748 2563 2544 2443 2567 2301 2398 2809 2566 2904 2718 2430 2664 2155 2683 2558 2764 2552 2854 2519 2547 2787 2629 2608 2648 2541 2722 2660 2883 2800 2593 2650 2676 2701 2513 2360 2451 2821 2752 2647 2401 2613 2654 2498 2299 2624 2471 2633 2679 2556 2600 2436 2606 2561 2667 2679 2439 2662 2851 2281 2517 2468 2526 2818 3048 2252 2731 2713 2549 2701 2610 2515 2981 2164 2696 2830 2226 2690 2506 2719 2546 2470 2494 2335 2233 2591 2607 2639 2839 2988 2650 2604 2565 2531 2624 2400 2307 2389 2341 2749 
2536 2366 2540 2345 2264 2351 2475 2408 2485 2781 2367 2301 2486 2241 2490 2574 2494 2681 2596 2261 2471 2673 2498 2165 2728 2504 2626 2574 2762 2747 2543 2440 2463 2560 2373 2347 2601 2759 2604 2522 2490 2290 2319 2663 2357 2611 2618 2432 2532 2540 2599 2487 2612 2451 2414 2480 2557 2344 2820 2213 2687 2492 2529 2570 2904 2181 2761 2786 2720 2488 2577 2422 3084 2275 2714 2804 2359 2660 2548 2621 2210 2419 2414 2399 2648 2672 2510 2438 2582 2789 2608 2524 2469 2635 2583 2364 2380 2552 2372 2684 
2880 2588 2809 2661 2592 2844 2593 3023 2479 2861 2696 2377 2692 2354 2882 2448 2725 2772 2940 2706 2609 2689 2484 2463 3046 2622 2961 2692 2763 2962 2552 2696 2744 2897 2493 2570 2626 3057 2828 2853 2566 2858 2600 2617 2597 2743 2622 2754 2930 2755 2825 2697 3134 2386 2697 2776 2771 2959 2647 2529 2823 2728 2582 2738 3368 2206 2669 2730 2984 2868 2575 2285 3110 2484 2759 2850 2628 2769 2911 2895 2703 2407 2719 2503 2527 2521 2648 2622 2734 3158 2959 3036 2741 2826 2646 2604 2571 2818 2414 2822 
2783 2588 2429 2071 2321 2241 2485 2679 2445 2770 2240 2164 2431 2239 2516 2390 2380 2490 2480 2067 2321 2561 2210 2282 2756 2382 2414 2635 2522 2836 2561 2304 2607 2542 2222 2489 2451 2961 2386 2489 2393 2267 2441 2532 2430 2569 2405 2483 2395 2394 2395 2167 2711 2159 2464 2484 2316 2479 2431 2166 2494 2586 2480 2339 2867 2013 2556 2526 2642 2611 2483 2263 2723 2408 2372 2672 2202 2474 2427 2653 2314 2207 2328 2337 2610 2359 2653 2391 2450 2571 2584 2555 2534 2552 2311 2267 2217 2176 2481 2645 
2540 2422 2712 2433 2378 2279 2581 2546 2556 2817 2599 2266 2474 2107 2636 2299 2438 2573 2515 2405 2651 2535 2540 2248 2649 2406 2601 2399 2760 2752 2604 2464 2721 2662 2469 2349 2617 2799 2632 2420 2452 2517 2436 2715 2443 2568 2584 2559 2603 2477 2521 2367 2858 2417 2479 2373 2398 2492 2511 2210 2790 2319 2500 2722 2771 2000 2690 2553 2442 2496 2480 2249 2875 2271 2578 2853 2210 2487 2605 2420 2267 2172 2319 2151 2268 2552 2415 2446 2660 2848 2556 2465 2447 2663 2677 2289 2392 2343 2382 2364 
2568 2491 2609 2400 2512 2434 2500 2761 2501 2994 2334 2270 2495 2112 2682 2483 2726 2662 2834 2165 2442 2714 2505 2250 2727 2694 2874 2616 2771 2818 2450 2584 2667 2799 2418 2476 2580 2886 2458 2713 2503 2574 2427 2597 2403 2590 2581 2522 2717 2596 2621 2450 2717 2436 2642 2563 2505 2695 2609 2132 2856 2619 2545 2591 2946 2198 2740 2617 2663 2698 2713 2509 2968 2374 2462 2711 2318 2590 2668 2756 2358 2487 2452 2637 2275 2649 2578 2558 2634 2895 2601 2699 2531 2871 2710 2564 2405 2313 2344 2779 
2432 2475 2454 2161 2466 2444 2374 2329 2473 2771 2410 2255 2360 2311 2539 2352 2608 2486 2658 2266 2453 2549 2433 2195 2870 2454 2557 2519 2569 2887 2345 2348 2605 2613 2385 2390 2513 2652 2621 2549 2403 2404 2335 2512 2393 2731 2405 2507 2607 2645 2301 2296 2873 2287 2466 2344 2545 2425 2621 2210 2674 2322 2562 2593 2701 2116 2635 2477 2473 2723 2549 2416 2890 2404 2509 2672 2165 2640 2552 2494 2212 2274 2380 2396 2510 2609 2564 2335 2583 2785 2528 2630 2498 2704 2531 2213 2091 2402 2225 2526 
2725 2416 2638 2300 2385 2370 2433 2746 2553 2750 2505 2240 2660 2212 2636 2190 2553 2517 2602 2491 2536 2628 2776 2335 2746 2318 2763 2487 2526 2786 2509 2516 2732 2655 2374 2490 2563 2981 2754 2490 2457 2620 2629 2562 2412 2522 2703 2723 2690 2479 2641 2446 2983 2383 2338 2589 2699 2592 2642 2282 2592 2417 2526 2545 3195 2031 2671 2709 2600 2618 2478 2388 2921 2187 2647 2744 2233 2543 2641 2810 2512 2413 2588 2322 2566 2505 2466 2532 2515 2920 2645 2614 2546 2695 2472 2392 2480 2388 2314 2590 
3015 2775 2946 2621 2584 2578 2565 2886 2713 3050 2701 2385 2675 2497 2653 2605 2809 2855 2656 2412 2796 2888 2871 2643 3110 2734 2821 2775 2952 3054 2741 2814 2838 2717 2489 2677 2736 2964 2854 2711 2780 2901 2710 2756 2534 2807 2636 2835 2807 2956 2880 2637 2950 2569 2609 2723 2719 2676 2782 2505 2873 2762 2809 2890 3301 2258 2747 2764 3012 2778 2641 2646 2818 2266 2691 2917 2429 2688 2916 2976 2384 2588 2594 2713 2657 2575 2683 2838 2763 3110 3002 2711 2500 2951 2779 2524 2582 2642 2605 2840 
2685 2386 2440 2155 2360 2353 2379 2579 2322 2751 2601 2384 2484 2137 2601 2596 2576 2506 2615 2396 2538 2594 2314 2266 2656 2536 2764 2322 2678 2786 2424 2451 2660 2598 2379 2422 2465 2831 2641 2497 2417 2497 2387 2410 2300 2580 2579 2482 2443 2569 2553 2285 2737 2401 2478 2442 2552 2701 2455 2070 2816 2524 2443 2414 2820 2193 2767 2673 2452 2426 2484 2110 2829 2268 2754 2569 2234 2598 2383 2606 2334 2386 2404 2276 2374 2421 2487 2569 2568 2711 2589 2350 2305 2502 2461 2292 2233 2396 2398 2420 
2597 2768 2531 2436 2601 2478 2641 2614 2457 2877 2670 2357 2569 2175 2696 2587 2526 2683 2732 2369 2536 2729 2553 2344 2851 2534 2530 2641 2724 2852 2710 2445 2700 2749 2434 2455 2709 3077 2749 2572 2697 2706 2418 2441 2738 2611 2712 2415 2755 2559 2656 2534 2810 2567 2753 2632 2545 2573 2638 2139 2770 2430 2607 2611 3078 2145 2751 2791 2590 2609 2585 2330 3172 2191 2643 2775 2578 2634 2611 2637 2545 2273 2456 2478 2584 2760 2785 2621 2772 2928 2751 2851 2634 2769 2747 2453 2395 2563 2511 2632 
2459 2511 2247 2291 2286 2411 2308 2553 2393 2752 2620 2261 2389 2282 2548 2389 2584 2449 2590 2240 2583 2476 2709 2128 2598 2324 2499 2390 2596 2635 2267 2382 2466 2504 2360 2420 2521 2858 2673 2466 2489 2472 2483 2434 2315 2681 2560 2417 2671 2390 2597 2441 2759 2253 2465 2330 2658 2602 2415 1954 2619 2299 2437 2571 2992 2127 2697 2594 2334 2458 2422 2210 2945 2249 2663 2689 2237 2407 2399 2503 2341 2294 2385 2289 2413 2611 2447 2606 2432 2749 2569 2758 2392 2762 2397 2355 2286 2512 2298 2425 
2664 2632 2498 2600 2635 2460 2567 2765 2420 3063 2657 2367 2493 2282 2836 2617 2686 2702 2833 2517 2691 2705 2545 2259 2659 2496 2989 2510 2857 2681 2350 2628 2675 2979 2382 2514 2625 3026 2825 2598 2438 2522 2623 2576 2426 2806 2578 2550 2768 2555 2615 2689 2829 2452 2671 2454 2548 2713 2718 1974 2741 2487 2494 2809 2895 2316 2749 2644 2706 2722 2692 2531 2849 2458 2689 2865 2348 2779 2690 2847 2428 2381 2376 2408 2373 2754 2571 2600 2624 3113 2705 2857 2743 2770 2685 2546 2473 2345 2342 2721 
2497 2466 2490 2357 2325 2172 2376 2666 2316 2845 2256 2262 2488 2076 2470 2350 2422 2373 2614 2360 2385 2704 2449 2218 2575 2288 2590 2503 2599 2698 2533 2483 2606 2543 2346 2516 2500 2662 2453 2315 2274 2238 2350 2398 2399 2470 2474 2494 2434 2319 2478 2208 2455 2173 2484 2546 2461 2761 2550 2116 2627 2358 2390 2513 2928 2176 2525 2572 2524 2421 2473 2384 2745 2068 2510 2459 2137 2397 2576 2652 2475 2398 2209 2297 2292 2370 2248 2412 2424 2996 2452 2610 2438 2531 2485 2346 2381 2343 2377 2448 
2973 2700 2861 2571 2725 2664 2585 2966 2465 3110 2567 2471 2654 2506 2867 2756 2853 2801 2830 2472 2647 2865 2626 2503 2896 2693 3002 2881 2904 2971 2767 2729 2870 3025 2583 2678 2916 3107 2757 2802 2678 2812 2749 2691 2529 2929 2776 2689 2812 2467 2826 2850 3031 2489 2816 2723 2585 2869 2620 2322 2677 2693 2675 2652 3234 2430 2970 2785 2707 2931 2672 2444 3197 2539 2811 2950 2514 2748 2967 3086 2849 2401 2430 2503 2570 2779 2657 2561 2690 3199 2890 2913 2766 2824 2661 2823 2421 2520 2613 2827 
2607 2485 2410 2295 2233 2309 2282 2607 2387 2759 2516 2214 2646 1977 2489 2243 2399 2287 2484 2197 2477 2415 2433 2159 2584 2178 2461 2466 2615 2503 2482 2338 2435 2477 2234 2212 2286 2656 2421 2223 2371 2495 2246 2467 2465 2419 2402 2355 2567 2379 2690 2306 2619 2234 2482 2414 2519 2385 2464 2179 2381 2454 2295 2566 3020 1956 2312 2586 2544 2478 2129 2139 2762 2045 2360 2502 2333 2539 2558 2403 2162 2346 2569 2250 2350 2217 2464 2566 2369 2714 2735 2576 2410 2469 2375 2327 2259 2388 2442 2479 
2834 2710 2736 2533 2679 2477 2633 2804 2722 3025 2656 2444 2742 2333 2964 2790 2785 2722 2897 2287 2719 2694 2763 2322 2906 2648 2754 2834 2897 2884 2652 2786 2823 2803 2503 2632 2650 3078 2626 2639 2639 2562 2703 2637 2619 2737 2688 2562 2844 2603 2670 2655 3026 2527 2722 2723 2875 2790 2700 2255 2981 2708 2726 2700 3283 2118 2972 2925 2595 2683 2566 2643 2965 2364 2712 2906 2369 2757 2602 2631 2588 2689 2584 2426 2652 2707 2812 2730 2727 2705 2839 2953 2522 2822 2716 2612 2492 2555 2510 2665 
2717 2455 2467 2201 2244 2410 2431 2404 2557 2765 2439 2166 2570 2177 2617 2244 2543 2475 2542 2204 2489 2504 2554 2183 2803 2413 2538 2440 2579 2577 2498 2594 2467 2587 2421 2440 2627 2569 2386 2233 2440 2369 2409 2310 2603 2523 2456 2435 2483 2426 2613 2529 2726 2376 2392 2499 2378 2550 2586 2307 2493 2479 2449 2609 2721 2083 2627 2613 2677 2528 2487 2445 2643 2088 2464 2530 2355 2572 2625 2544 2389 2411 2309 2288 2449 2218 2462 2459 2497 2723 2533 2532 2581 2556 2402 2405 2499 2426 2425 2641 
2811 2480 2697 2410 2555 2433 2392 2648 2498 2844 2515 2247 2539 2402 2666 2468 2496 2551 2514 2272 2631 2772 2581 2137 2827 2609 2843 2506 2849 2746 2561 2568 2646 2761 2379 2646 2587 2901 2767 2594 2567 2672 2658 2549 2499 2437 2564 2567 2699 2657 2420 2441 2742 2251 2541 2608 2589 2748 2501 2191 2940 2459 2420 2455 3068 1969 2747 2478 2636 2469 2619 2453 2801 2254 2528 2680 2379 2494 2648 2785 2387 2350 2472 2457 2456 2508 2560 2645 2654 2675 2644 2795 2329 2777 2674 2382 2637 2410 2366 2725 
3287 3061 2946 2736 2935 2640 2814 3103 3151 3558 2976 2725 3131 2577 3027 2759 2947 3204 3127 2812 2954 2947 2925 2631 3116 2753 3070 3104 3341 3186 3042 2975 3061 3212 2808 2781 3058 3601 3132 3083 2767 3077 3015 2890 3005 3093 3021 2920 3247 2889 2969 3017 3196 3059 2868 2904 2700 3105 3083 2566 3070 2776 3043 3009 3542 2502 3235 3050 3097 3220 2955 2695 3423 2667 2940 3317 2767 3076 2942 3180 2762 2633 2828 2640 2944 2903 3090 3109 3160 3434 3152 3207 2886 3028 3104 2754 3021 2695 2871 3035 
2900 2778 2780 2602 2630 2710 2538 2769 2692 3168 2746 2553 2715 2507 3083 2649 2939 2738 2850 2610 2854 2896 2778 2580 3009 2635 3003 2951 2904 3138 2753 2885 2834 3057 2704 2583 2772 3108 2824 2682 2860 2782 2554 2709 2715 3143 2835 2689 2879 2752 2782 2710 3000 2752 2782 2705 2802 2858 2777 2670 2866 2822 2838 2978 3015 2292 2840 2879 2903 2922 2708 2762 3097 2440 2844 2975 2582 2789 2923 2985 2604 2676 2900 2696 2683 2698 2794 2793 2860 3298 3052 2972 2747 2851 2920 2693 2591 2746 2562 2955 
2901 2656 2884 2376 2766 2281 2691 2663 2863 3148 2753 2485 2920 2372 2726 2602 2794 2623 2912 2609 2739 2885 2669 2431 2943 2431 2988 2885 3043 3165 2719 2688 2829 2945 2595 2636 2848 2921 2646 2662 2593 2738 2591 2871 2843 2989 2684 2616 2765 2809 2695 2576 2963 2731 2725 2698 2517 2757 2775 2516 2959 2686 2791 2704 3124 2107 2740 2705 2886 2855 2645 2525 3109 2473 2718 3016 2648 2901 2950 2989 2416 2691 2800 2630 2849 2654 2538 2568 2649 3054 2805 2779 2715 2964 2756 2631 2555 2750 2622 2884 
2755 2426 2443 2365 2312 2279 2253 2653 2361 2864 2456 2495 2460 2065 2698 2448 2590 2579 2896 2299 2391 2280 2350 2242 2705 2434 2706 2666 2653 2483 2316 2613 2582 2623 2378 2077 2366 2795 2386 2542 2472 2524 2328 2477 2293 2687 2389 2459 2779 2488 2451 2341 2720 2368 2505 2602 2735 2572 2619 2354 2425 2411 2637 2538 2854 2054 2764 2731 2371 2876 2330 2574 2889 2286 2467 2608 2016 2504 2391 2574 2405 2474 2314 2258 2397 2673 2497 2499 2657 2910 2739 2716 2411 2587 2553 2558 2323 2151 2244 2498 
2843 2822 2786 2630 2726 2520 2820 2856 2652 3182 2753 2556 2812 2384 2961 2760 2743 2863 2904 2413 2744 2673 2844 2386 2982 2669 2885 2836 3051 2708 2884 2869 2777 3029 2450 2577 2789 3340 2746 2634 2729 2826 2760 2748 2758 2822 3021 2528 2728 2720 2920 2802 3039 2737 2610 2462 2849 2799 2855 2370 2922 2765 2952 2727 3257 2213 2897 2873 2835 2942 2521 2635 2881 2348 2837 2941 2527 2834 2581 2869 2649 2414 2530 2545 2865 2660 2728 2732 2786 3161 2863 2932 2603 2746 2888 2676 2604 2632 2780 2949 
2546 2469 2467 2098 2258 2083 2497 2566 2347 2598 2453 2111 2374 2308 2500 2312 2458 2461 2283 2178 2499 2508 2450 2128 2628 2160 2677 2454 2644 2696 2471 2354 2437 2559 2295 2328 2409 2775 2662 2381 2393 2534 2505 2415 2355 2498 2496 2490 2313 2464 2489 2174 2653 2260 2331 2367 2445 2350 2365 2119 2654 2462 2346 2332 2721 1889 2552 2368 2435 2474 2257 2133 2749 2242 2566 2750 2357 2403 2434 2647 2105 2246 2397 2133 2437 2386 2363 2511 2486 2640 2588 2351 2272 2353 2513 2178 2129 2363 2262 2346 
2762 2577 2949 2748 2572 2758 2819 2763 2661 2782 2726 2621 2839 2668 2812 2682 2859 2664 2848 2489 2785 2863 2860 2475 3017 2644 3069 2609 2813 3018 2683 2808 2871 3112 2661 2727 2917 3031 3039 2818 2575 2869 2633 2904 2696 2745 2743 2837 2929 2864 2713 2763 3044 2520 2682 2754 2863 2820 2945 2325 2938 2627 2810 2844 3254 2324 2971 2818 2915 3023 2772 2629 3253 2651 2795 3012 2694 2941 2829 2830 2718 2604 2655 2567 2794 2833 2708 2785 2884 3127 3039 2917 2710 3177 2733 2635 2566 2780 2575 3032 
2856 2652 2938 2446 2564 2398 2782 2746 2611 2974 2625 2424 2746 2555 2993 2570 2669 2495 2855 2522 2727 2724 2718 2388 2782 2422 3033 2753 2946 2910 2804 2649 2671 2868 2423 2743 2693 3044 2491 2618 2492 2579 2631 2547 2924 2662 2567 2677 2825 2573 2599 2542 3008 2444 2617 2767 2753 2729 2699 2194 2777 2605 2677 2549 3206 2073 2876 2776 2590 2619 2542 2534 2951 2366 2633 3001 2439 2777 2908 2715 2569 2667 2619 2425 2590 2608 2656 2627 2611 2938 2968 2804 2611 2982 2563 2487 2619 2588 2337 2663 
2528 2706 2815 2611 2522 2621 2762 2859 2488 2912 2625 2197 2660 2368 2941 2532 2618 2668 2858 2486 2675 2775 2687 2494 2919 2677 2696 2577 2800 2909 2774 2576 2580 2771 2568 2500 2844 2933 2819 2557 2590 2666 2442 2547 2635 2794 2572 2652 2690 2635 2704 2737 2990 2404 2622 2551 2639 2734 2821 2282 2613 2623 2783 2762 3134 2136 2738 2621 2780 2696 2563 2466 3058 2326 2612 2829 2541 2807 2838 2656 2510 2368 2459 2545 2655 2680 2593 2532 2569 3127 2823 2729 2744 2936 2399 2429 2583 2708 2329 2743 
2575 2375 2404 2164 2334 2099 2366 2358 2374 2862 2365 2071 2300 2226 2445 2237 2327 2433 2505 2192 2450 2464 2189 2043 2799 2190 2466 2456 2526 2652 2418 2404 2440 2509 2437 2210 2590 2815 2441 2497 2404 2462 2476 2174 2405 2436 2449 2211 2299 2294 2411 2151 2768 2241 2415 2272 2331 2442 2283 2142 2637 2501 2517 2190 2731 1976 2603 2318 2555 2581 2342 2287 2840 2268 2405 2546 2277 2451 2367 2526 2256 2145 2197 2206 2416 2273 2496 2297 2625 2583 2521 2448 2233 2665 2435 2373 2360 2241 2263 2503 
2762 2680 2765 2454 2638 2523 2321 2824 2378 3108 2616 2414 2489 2384 2875 2722 2766 2541 2759 2342 2592 2819 2710 2445 2960 2573 2851 2778 2702 2907 2737 2626 2708 2928 2610 2570 2687 3048 2765 2658 2592 2710 2709 2752 2671 2915 2597 2618 2739 2655 2748 2478 2964 2404 2728 2766 2805 2767 2657 2292 2840 2762 2799 2478 3148 2119 2861 2571 2956 2680 2621 2638 2961 2269 2690 2834 2569 2634 2591 2941 2683 2452 2533 2359 2569 2601 2748 2692 2557 2938 2798 2942 2593 2789 2598 2478 2508 2390 2578 2880 
2720 2329 2509 2147 2223 2238 2268 2358 2298 2621 2178 2152 2415 1944 2492 2355 2361 2488 2253 2235 2249 2505 2230 2193 2528 2305 2397 2528 2570 2572 2594 2412 2516 2472 2115 2460 2505 2605 2422 2216 2417 2324 2334 2516 2197 2424 2268 2412 2474 2423 2356 2340 2501 2207 2452 2505 2258 2436 2427 2319 2492 2442 2375 2310 2690 1878 2500 2449 2514 2311 2231 2210 2558 1973 2466 2512 2303 2336 2596 2599 2224 2248 2422 2265 2460 2277 2185 2448 2251 2693 2413 2432 2415 2412 2409 2062 2366 2413 2202 2479 
2763 2545 2514 2449 2287 2497 2691 2510 2493 2647 2637 2561 2718 2275 2525 2448 2598 2550 2597 2401 2775 2620 2492 2311 2704 2397 2841 2507 2803 2812 2490 2598 2668 2468 2405 2424 2529 2879 2630 2337 2501 2493 2438 2558 2550 2447 2587 2590 2751 2358 2483 2422 2776 2367 2463 2758 2532 2543 2528 2047 2528 2422 2507 2557 2922 2169 2903 2745 2568 2695 2474 2456 2941 2226 2578 2675 2292 2583 2710 2625 2357 2484 2399 2484 2443 2591 2703 2595 2540 3018 2850 2353 2514 2693 2677 2400 2391 2547 2339 2530 
2498 2421 2364 2364 2329 2240 2273 2560 2401 2698 2351 2100 2343 2083 2651 2226 2408 2419 2392 2109 2559 2640 2341 2094 2881 2428 2485 2460 2383 2634 2482 2446 2639 2600 2436 2359 2731 2757 2591 2393 2517 2443 2320 2305 2454 2412 2581 2227 2643 2200 2386 2359 2687 2197 2557 2561 2465 2555 2497 2231 2595 2245 2411 2374 2892 2022 2451 2398 2572 2576 2468 2569 2888 2045 2366 2696 2406 2556 2547 2544 2381 2235 2433 2353 2528 2430 2557 2448 2468 2598 2614 2658 2381 2531 2408 2301 2393 2307 2355 2521 
2710 2559 2504 2340 2439 2332 2553 2624 2705 2830 2548 2364 2592 2386 2488 2416 2532 2573 2624 2269 2305 2622 2602 2244 2644 2492 2612 2714 2609 2580 2597 2430 2601 2610 2391 2479 2684 2859 2516 2617 2440 2596 2546 2478 2356 2568 2451 2483 2901 2636 2582 2439 2689 2444 2514 2592 2591 2468 2661 2159 2682 2278 2500 2639 2887 2220 2913 2623 2495 2499 2795 2186 2978 2317 2837 2724 2455 2599 2659 2629 2518 2377 2296 2232 2312 2634 2690 2565 2720 2823 2746 2708 2417 2734 2687 2481 2351 2367 2346 2610 
2402 2493 2476 2197 2427 2375 2291 2511 2321 2568 2473 2099 2439 2168 2574 2349 2539 2407 2527 2136 2330 2518 2454 2286 2445 2343 2651 2440 2475 2552 2233 2474 2425 2565 2247 2398 2468 2741 2439 2581 2363 2408 2329 2208 2289 2406 2497 2255 2689 2452 2291 2374 2497 2347 2528 2520 2402 2451 2429 1890 2429 2281 2418 2502 2836 1960 2623 2501 2346 2548 2465 2319 2841 2171 2355 2532 2174 2522 2434 2446 2399 2240 2335 2308 2153 2483 2514 2497 2547 2688 2481 2550 2497 2621 2383 2339 2331 2399 2233 2479 
2670 2450 2420 2354 2310 2337 2703 2709 2492 2573 2341 2033 2315 2278 2373 2324 2653 2313 2676 2258 2458 2456 2572 2314 2706 2441 2535 2499 2597 2784 2443 2467 2581 2407 2208 2410 2306 2752 2468 2390 2197 2518 2463 2487 2244 2518 2453 2617 2583 2447 2498 2468 2741 2205 2474 2537 2482 2679 2381 2036 2364 2480 2459 2514 2982 2047 2629 2499 2451 2497 2607 2111 2763 2214 2574 2690 2190 2615 2667 2493 2490 2438 2146 2261 2368 2414 2564 2542 2467 2669 2698 2547 2463 2643 2421 2308 2306 2319 2392 2541 
2966 2720 2914 2558 2786 2449 2879 2794 2534 3053 2791 2430 2749 2220 3000 2589 2840 2681 2841 2666 2923 2972 2703 2509 2827 2647 2780 2616 2917 3116 2767 2846 2972 2906 2605 2571 2779 3166 2947 2568 2801 2936 2756 2619 2677 2813 2870 2771 2701 2712 2842 2616 2907 2688 2881 2689 2617 2771 2587 2397 2924 2659 2759 2744 3268 2346 2965 2928 2650 2725 2852 2529 3219 2515 2733 3028 2413 2788 2916 2866 2718 2684 2738 2392 2741 2650 2757 2825 2972 3042 3062 2781 2777 2846 2921 2599 2538 2472 2724 2649 
2822 2521 2623 2313 2325 2385 2600 2854 2716 2762 2569 2294 2492 2407 2658 2601 2607 2589 2523 2176 2620 2707 2623 2372 2867 2519 2797 2543 2832 3005 2436 2759 2646 2625 2525 2620 2735 2715 2766 2604 2424 2631 2601 2652 2429 2763 2513 2591 2598 2528 2699 2481 2859 2293 2567 2514 2668 2501 2578 2162 2973 2397 2457 2727 2858 2202 2617 2514 2686 2650 2473 2311 2960 2308 2709 2906 2515 2533 2729 2562 2425 2235 2425 2437 2431 2756 2462 2432 2490 3000 2647 2668 2576 2795 2547 2416 2485 2642 2533 2660 
2301 2203 2026 2022 1986 1953 2090 2208 2131 2569 2261 2070 2240 1953 2206 1892 2098 2285 2185 2052 2200 2194 2370 1945 2272 1850 2311 2434 2504 2391 2170 2087 2113 2194 2206 2088 2137 2571 2022 2249 2003 2067 2144 2219 1953 2226 2362 2087 2191 1875 2215 2198 2386 2111 2020 2073 2221 2020 2218 1734 2118 2133 2155 2363 2481 1727 2384 2416 2001 2120 2074 2137 2493 1901 2218 2353 1764 2252 2090 2224 1971 1904 1979 2057 2111 2296 2182 2206 2097 2528 2460 2293 2174 2289 2150 2008 2054 2019 2059 2166 
2771 2491 2570 2374 2503 2394 2501 2682 2358 3057 2389 2339 2700 1919 2777 2491 2579 2671 2764 2556 2547 2810 2443 2221 2644 2628 2764 2494 2736 2779 2644 2368 2544 2765 2438 2435 2565 3018 2692 2588 2396 2595 2602 2661 2507 2749 2615 2555 2725 2638 2687 2452 2904 2298 2573 2458 2389 2870 2621 2086 2799 2325 2531 2415 3039 2045 2747 2632 2661 2587 2553 2381 3005 2385 2498 2882 2400 2703 2695 2755 2452 2321 2404 2350 2345 2537 2686 2728 2616 2803 2660 2675 2599 2834 2649 2316 2480 2289 2251 2660 
2736 2667 2767 2614 2604 2718 2458 2608 2438 3123 2715 2463 2658 2176 2802 2431 2759 2779 2690 2557 2836 2780 2782 2351 2970 2559 2829 2568 2897 2919 2689 2650 2699 2782 2544 2519 2739 2901 2701 2571 2576 2750 2673 2539 2788 2782 2495 2552 2615 2692 2916 2725 2786 2617 2666 2659 2610 2652 2763 2368 2969 2456 2561 2828 3105 2279 2865 2782 2707 2546 2626 2687 3024 2301 2712 2876 2507 2634 2749 2919 2468 2394 2677 2480 2591 2550 2398 2636 2684 2863 2714 2910 2595 2761 2559 2485 2511 2517 2552 2746 
2854 2686 2645 2679 2552 2519 2439 2886 2683 3126 2709 2495 2699 2478 2948 2771 2765 2687 2728 2560 2661 2847 2705 2487 2970 2332 2885 2791 2928 3035 2679 2927 2872 2885 2701 2613 2739 3032 2764 2715 2755 2814 2692 2572 2551 2752 2804 2604 2929 2661 2834 2510 2843 2565 2728 2736 2859 2784 2754 2390 2837 2656 2765 2740 3137 2347 2748 2780 2732 2774 2627 2617 3186 2374 2890 2999 2525 2699 2685 2867 2500 2524 2834 2523 2618 2753 2736 2623 2875 3252 2913 2901 2458 3002 2658 2461 2630 2808 2538 2950 
2609 2330 2391 2148 2320 2350 2491 2496 2457 2518 2575 2051 2527 2074 2496 2298 2498 2468 2370 2407 2525 2549 2451 2243 2573 2420 2403 2314 2566 2761 2499 2351 2584 2425 2328 2134 2454 2544 2471 2371 2415 2395 2377 2502 2268 2563 2456 2359 2466 2424 2409 2435 2724 2243 2439 2446 2382 2626 2360 2124 2518 2306 2510 2503 2710 2044 2523 2632 2424 2488 2421 2271 2863 2228 2447 2549 2304 2619 2589 2527 2239 2295 2435 2220 2564 2253 2477 2447 2524 2649 2568 2335 2500 2433 2407 2238 2224 2450 2284 2300 
2731 2424 2540 2535 2392 2462 2503 2699 2586 2819 2521 2442 2756 2370 2595 2377 2528 2548 2690 2373 2803 2727 2584 2428 2864 2715 2781 2709 2660 2861 2562 2557 2860 2704 2526 2520 2672 2807 2502 2711 2591 2522 2444 2702 2360 2613 2601 2489 2828 2551 2599 2568 2835 2344 2600 2786 2643 2773 2445 2295 2737 2634 2675 2661 3023 2146 2756 2577 2810 2623 2456 2486 2993 2214 2567 2687 2493 2663 2692 2851 2434 2457 2553 2512 2507 2622 2688 2559 2523 2928 2751 2644 2456 2616 2642 2624 2367 2538 2511 2776 
2511 2466 2492 2201 2265 2096 2369 2468 2262 2799 2458 1935 2429 1996 2547 2237 2407 2378 2522 2096 2390 2471 2386 2161 2640 2255 2554 2504 2548 2621 2403 2355 2421 2621 2262 2245 2517 2739 2430 2458 2134 2407 2277 2367 2178 2467 2284 2263 2540 2456 2400 2364 2745 2117 2363 2348 2431 2453 2516 2095 2450 2337 2505 2426 2640 1887 2322 2346 2415 2565 2295 2174 2684 2150 2388 2853 2304 2589 2410 2393 2069 2153 2366 2294 2509 2381 2196 2262 2313 2653 2548 2527 2493 2648 2223 2123 2327 2256 2132 2547 
2802 2476 2621 2366 2360 2441 2379 2692 2658 2952 2798 2175 2664 2267 2649 2684 2628 2442 2651 2339 2658 2811 2736 2449 2740 2553 2690 2412 2970 2787 2639 2745 2578 2732 2600 2315 2568 2879 2774 2533 2485 2590 2702 2477 2552 2645 2532 2496 2570 2611 2642 2423 2741 2547 2518 2692 2591 2856 2735 2221 2762 2539 2716 2720 3039 2265 2741 2637 2695 2709 2586 2537 3111 2268 2595 2815 2568 2671 2676 2576 2451 2348 2443 2389 2592 2548 2400 2514 2670 2935 2668 2754 2491 2808 2526 2405 2520 2519 2371 2827 
2334 2369 2409 2144 2219 2170 2328 2431 2271 2596 2079 1903 2387 1980 2343 1995 2344 2380 2491 2234 2351 2362 2283 1909 2564 2203 2242 2174 2532 2482 2161 2338 2385 2312 2144 2240 2219 2368 2340 2167 2119 2267 2174 2138 2242 2517 2198 2412 2458 2310 2475 2225 2703 2091 2196 2327 2478 2465 2542 2005 2434 2080 2282 2413 2734 1934 2366 2220 2361 2345 2248 2235 2728 2039 2288 2483 1947 2298 2201 2223 2040 2143 2290 2173 2161 2411 2306 2089 2168 2611 2305 2370 2292 2593 2172 2140 2306 2278 2092 2455 
2609 2669 2651 2346 2574 2378 2338 2714 2523 3055 2355 2355 2716 2268 2689 2567 2680 2630 2521 2432 2799 2842 2890 2372 2801 2520 2904 2671 2889 2939 2710 2687 2590 2767 2506 2550 2725 2976 2621 2583 2381 2511 2558 2672 2624 2726 2715 2481 2543 2501 2626 2660 2831 2370 2597 2455 2492 2678 2606 2093 2803 2488 2524 2413 2954 2196 2852 2460 2723 2595 2507 2487 2840 2134 2703 2691 2470 2766 2593 2798 2387 2295 2328 2508 2713 2564 2565 2423 2596 2951 2438 2603 2797 2847 2582 2273 2488 2429 2562 2865 
2657 2429 2377 2244 2615 2408 2254 2725 2432 3008 2637 2278 2327 2105 2788 2590 2510 2565 2645 2482 2587 2712 2702 2278 2712 2583 2758 2593 2819 2899 2482 2457 2313 2651 2350 2422 2577 2842 2860 2595 2583 2558 2671 2647 2472 2679 2567 2494 2711 2649 2549 2404 2811 2446 2515 2389 2536 2470 2576 2089 2738 2450 2630 2507 2897 2020 2649 2728 2522 2564 2534 2368 2936 2276 2583 2863 2541 2796 2471 2717 2462 2266 2539 2319 2363 2634 2596 2672 2493 2948 2506 2682 2441 2753 2677 2244 2438 2481 2191 2669 
2970 2749 2882 2549 2556 2637 2711 2887 2698 2917 2727 2567 2757 2296 2772 2720 2626 2919 2677 2665 2927 2713 2696 2364 3076 2693 2959 2772 2860 2970 2766 2806 2885 3140 2339 2391 2710 3028 2896 2755 2685 2750 2642 2766 2825 2663 2777 2824 2821 2695 2784 2647 2940 2580 2867 2685 2807 2792 2729 2497 3051 2674 2729 2622 3152 2203 2994 2879 2860 2737 2549 2556 3390 2585 2704 2989 2788 2796 2672 2968 2392 2539 2888 2523 2863 2572 2776 2779 2866 2982 2790 2733 2663 2767 2867 2480 2553 2571 2823 2838 
2756 2576 2442 2310 2445 2182 2542 2437 2454 2986 2373 2260 2743 2178 2570 2240 2533 2602 2780 2507 2704 2643 2388 2118 2808 2466 2597 2547 2748 2778 2561 2413 2665 2646 2576 2301 2689 2791 2610 2590 2408 2495 2325 2558 2470 2603 2664 2542 2571 2492 2714 2541 2757 2452 2564 2499 2542 2545 2460 2214 2781 2420 2555 2373 2972 2066 2635 2567 2643 2481 2280 2372 3048 2304 2578 2671 2451 2506 2903 2651 2217 2482 2407 2380 2555 2538 2505 2589 2505 2846 2729 2605 2396 2571 2460 2447 2503 2492 2476 2430 
2755 2381 2507 2439 2473 2262 2446 2509 2386 2805 2416 2307 2436 2081 2524 2584 2543 2437 2657 2221 2564 2501 2391 2251 2631 2466 2613 2571 2581 2643 2521 2471 2616 2720 2279 2380 2635 3028 2637 2455 2262 2552 2301 2383 2510 2504 2774 2325 2752 2349 2365 2330 2646 2465 2414 2361 2391 2698 2603 2097 2621 2298 2626 2368 3034 2090 2645 2505 2411 2581 2564 2270 2892 2177 2478 2734 2218 2615 2406 2487 2579 2355 2251 2246 2426 2349 2685 2524 2656 2719 2714 2628 2169 2572 2666 2355 2284 2293 2444 2495 
2586 2320 2553 2396 2502 2119 2310 2777 2340 2795 2468 2203 2354 2131 2755 2422 2443 2426 2567 2455 2449 2581 2458 2222 2741 2393 2613 2580 2577 2660 2540 2600 2632 2811 2292 2351 2542 2868 2479 2484 2487 2573 2414 2477 2553 2544 2567 2560 2639 2386 2600 2455 2704 2332 2725 2486 2395 2451 2403 2225 2550 2560 2457 2427 2925 2120 2573 2488 2766 2475 2475 2297 2811 2154 2534 2498 2270 2459 2773 2789 2442 2480 2346 2358 2537 2466 2580 2486 2486 2821 2601 2737 2627 2686 2590 2356 2493 2190 2469 2541 
2413 2313 2550 2466 2344 2397 2441 2386 2471 2816 2567 2270 2601 2014 2548 2467 2403 2668 2647 2434 2561 2589 2589 2141 2707 2338 2700 2455 2791 2673 2392 2513 2675 2680 2540 2362 2457 2748 2664 2468 2335 2642 2347 2559 2371 2464 2563 2561 2565 2496 2501 2414 2643 2506 2431 2430 2358 2513 2656 2230 2754 2373 2503 2656 2821 2147 2811 2639 2522 2562 2532 2491 2915 2227 2527 2791 2281 2632 2633 2520 2372 2286 2488 2418 2567 2621 2499 2554 2561 2779 2593 2714 2590 2672 2569 2237 2364 2385 2222 2484 
2981 3011 2754 2465 2970 2500 2542 2798 2677 3476 2794 2625 2787 2446 3070 2730 2896 2617 3142 2579 2677 3069 2632 2429 2835 2656 2998 2731 2950 3086 2699 2662 2921 3067 2633 2940 3022 3110 2823 2789 2771 2611 2503 2826 2814 3126 2743 2634 2971 2779 2884 2673 3133 2628 2818 2835 2887 2933 2917 2327 3025 2797 3020 2642 3358 2337 2948 3076 2825 2852 2779 2570 3064 2513 2752 3081 2544 2826 2813 3018 2686 2751 2607 2581 2672 2747 2756 2756 2722 3027 2893 2980 2609 2973 2674 2722 2704 2613 2562 2873 
2611 2448 2517 2252 2411 2315 2525 2579 2344 2807 2477 2204 2372 2191 2804 2355 2425 2644 2590 2395 2475 2608 2394 2242 2520 2475 2487 2353 2553 2559 2417 2454 2407 2367 2327 2500 2502 2744 2584 2428 2394 2278 2422 2329 2453 2550 2445 2374 2673 2421 2682 2360 2661 2193 2509 2377 2574 2506 2606 2020 2610 2250 2374 2539 2848 1972 2420 2618 2453 2498 2485 2340 2818 2242 2532 2668 2107 2484 2554 2523 2473 2333 2485 2328 2376 2662 2625 2509 2575 2869 2587 2715 2607 2718 2403 2291 2554 2424 2210 2560 
2613 2509 2767 2323 2449 2608 2654 2432 2245 2795 2624 2169 2593 2337 2747 2425 2434 2523 2567 2272 2708 2597 2528 2366 2930 2557 2677 2611 2640 2592 2708 2497 2578 2644 2583 2461 2762 2941 2649 2517 2522 2518 2646 2578 2702 2552 2725 2449 2553 2398 2571 2483 2924 2290 2674 2473 2595 2574 2597 2111 2629 2662 2687 2582 3073 2074 2712 2494 2685 2547 2392 2483 3041 2411 2539 2798 2470 2595 2691 2577 2429 2179 2462 2205 2687 2438 2514 2531 2461 2734 2798 2762 2634 2642 2492 2445 2548 2491 2450 2466 
2324 2217 2121 2012 1885 2079 2306 2167 2084 2473 2169 2103 2088 1976 2219 2112 2242 2056 2492 1925 2266 2244 1955 2216 2429 2211 2386 2133 2062 2616 1969 2323 2358 2209 2175 1971 2286 2378 2179 1998 2088 2281 2084 1977 2060 2235 2119 2012 2160 2220 2118 1940 2332 2100 2201 2233 2145 2491 1965 1973 2180 2022 2165 2197 2343 1890 2222 2170 2136 2262 2148 2083 2570 2049 2174 2090 2043 2233 2262 2219 2151 2047 1979 2001 2110 2269 2069 2005 2203 2822 2365 2219 2222 2412 2139 2238 1909 2019 2024 2297 
2892 2530 2644 2529 2540 2335 2472 2892 2571 3105 2757 2358 2631 2135 2614 2457 2700 2750 2638 2562 2782 2701 2856 2328 2953 2345 2913 2628 2983 3110 2742 2694 2865 2968 2391 2556 2606 3091 2600 2567 2646 2575 2626 2671 2740 2590 2743 2723 2775 2615 2866 2631 2857 2623 2672 2828 2538 2569 2617 2427 2847 2796 2792 2630 3168 2189 2767 2807 2861 2596 2656 2509 3004 2229 2591 2874 2420 2790 2820 2967 2447 2575 2628 2446 2818 2485 2681 2838 2648 2979 2712 2758 2643 2784 2688 2396 2458 2639 2580 2778 
2806 2715 2653 2393 2503 2382 2508 3027 2602 3029 2524 2453 2662 2122 2632 2383 2774 2775 2830 2255 2702 2568 2863 2384 2949 2745 2930 2736 2881 2868 2605 2620 2725 2837 2531 2582 2629 3123 2590 2837 2540 2844 2803 2662 2600 2593 2706 2565 2900 2728 2543 2682 2945 2522 2619 2723 2599 2729 2708 2311 2821 2631 2703 2667 3119 2297 2906 2690 2662 2841 2866 2557 3098 2270 2526 2815 2478 2827 2686 2760 2716 2316 2497 2491 2484 2753 2895 2694 2670 2962 2707 2714 2730 2885 2705 2700 2463 2369 2467 2818 
2684 2698 2665 2566 2673 2378 2416 2808 2364 2926 2280 2284 2602 2166 2622 2382 2864 2494 2479 2383 2732 2713 2614 2381 2609 2575 2621 2783 2892 2991 2721 2540 2840 2689 2343 2390 2428 3053 2491 2632 2391 2695 2604 2564 2390 2598 2769 2563 2711 2589 2457 2492 2705 2599 2468 2636 2265 2627 2544 2232 2649 2490 2647 2586 3003 2050 2464 2595 2767 2577 2575 2421 3005 1916 2438 2771 2304 2700 2646 2609 2535 2361 2595 2448 2567 2401 2811 2593 2643 2841 2805 2620 2604 2769 2719 2318 2354 2573 2614 2707 
2545 2323 2399 2295 2290 2105 2353 2491 2265 2596 2315 2027 2247 2094 2444 2526 2321 2529 2350 2095 2406 2381 2425 2221 2481 2294 2489 2413 2669 2584 2459 2322 2480 2670 2219 2006 2215 2717 2311 2337 2228 2473 2260 2494 2244 2440 2617 2219 2221 2334 2281 2303 2407 2368 2285 2178 2158 2412 2244 2109 2446 2464 2420 2353 2664 1920 2398 2570 2374 2509 2221 2170 2652 1994 2367 2534 2165 2351 2212 2492 2053 2227 2185 2097 2547 2313 2288 2489 2563 2693 2434 2453 2182 2467 2614 2101 2094 2294 2438 2433 
2499 2456 2682 2227 2313 2095 2497 2551 2339 2881 2138 2251 2522 2167 2521 2386 2614 2551 2549 2110 2367 2688 2437 2241 2508 2479 2658 2521 2638 2864 2464 2578 2579 2473 2238 2529 2455 2781 2506 2448 2460 2535 2547 2410 2324 2490 2492 2533 2393 2486 2417 2226 2491 2280 2435 2419 2269 2442 2557 2238 2727 2481 2355 2458 2840 2063 2655 2360 2481 2503 2460 2374 2801 2181 2413 2585 2071 2372 2540 2606 2507 2215 2410 2319 2289 2530 2469 2476 2552 2770 2441 2527 2433 2682 2636 2366 2217 2270 2189 2616 
2688 2452 2505 2315 2567 2473 2483 2497 2560 2765 2627 2298 2513 2026 2479 2453 2563 2375 2753 2338 2508 2728 2587 2413 2562 2665 2618 2566 2632 2732 2415 2552 2635 2559 2394 2449 2564 2707 2666 2536 2546 2453 2423 2632 2485 2859 2387 2560 2786 2690 2446 2459 2607 2491 2566 2590 2697 2693 2857 2128 2610 2341 2488 2811 3040 2068 2806 2836 2550 2591 2648 2462 3010 2255 2637 2755 2240 2564 2626 2687 2452 2505 2544 2382 2400 2518 2631 2505 2535 2749 2576 2830 2467 2786 2580 2282 2595 2225 2518 2659 
2434 2539 2468 2297 2393 2103 2339 2567 2403 2647 2567 2295 2561 1941 2589 2541 2458 2229 2587 2274 2396 2541 2290 2208 2458 2239 2470 2408 2660 2505 2535 2463 2408 2611 2265 2291 2563 2916 2512 2268 2389 2437 2250 2448 2487 2536 2487 2389 2626 2413 2477 2431 2704 2460 2522 2375 2424 2552 2656 2057 2481 2391 2426 2370 2980 2006 2762 2475 2640 2640 2409 2257 2600 2092 2469 2556 2239 2575 2437 2523 2266 2286 2138 2372 2224 2349 2398 2374 2506 2719 2615 2373 2387 2548 2429 2188 2431 2193 2398 2510 
2956 2818 2546 2269 2574 2633 2602 2781 2688 2929 2617 2474 2544 2502 2839 2720 2692 2812 2865 2654 2511 2794 2498 2426 2817 2512 2874 2698 2886 2906 2653 2649 2601 2852 2544 2744 2648 3019 2761 2677 2476 2618 2606 2652 2620 2973 2605 2743 2531 2716 2687 2622 2943 2424 2759 2513 2553 2923 2713 2120 2726 2671 2695 2529 3026 2210 2903 2895 2681 2775 2776 2420 3026 2519 3009 2805 2590 2748 2655 3027 2475 2489 2410 2507 2715 2658 2718 2682 2727 3000 2720 3011 2684 2936 2524 2562 2650 2487 2625 2757 
2722 2438 2568 2367 2276 2324 2395 2713 2421 2925 2551 2443 2664 2023 2722 2434 2415 2482 2435 2449 2603 2674 2673 2166 2699 2339 2783 2698 2760 2895 2591 2435 2608 2761 2322 2335 2430 2994 2597 2501 2539 2555 2577 2731 2481 2475 2545 2343 2702 2402 2466 2541 2789 2322 2537 2600 2645 2641 2457 2186 2819 2576 2396 2412 2995 1866 2747 2718 2544 2504 2340 2244 2916 2273 2529 2757 2463 2649 2638 2772 2352 2329 2617 2384 2620 2361 2601 2496 2464 2786 2803 2765 2521 2576 2671 2267 2307 2350 2477 2602 
2619 2479 2382 2235 2171 2253 2323 2654 2491 2875 2411 2127 2656 2051 2598 2350 2450 2392 2408 2101 2445 2480 2354 2129 2471 2311 2492 2388 2638 2611 2493 2438 2463 2431 2448 2393 2369 2861 2518 2377 2370 2448 2424 2276 2482 2480 2557 2188 2564 2381 2468 2341 2715 2433 2400 2403 2433 2703 2434 2030 2615 2260 2563 2295 2828 2001 2609 2431 2450 2660 2376 2214 2826 2114 2473 2593 2233 2422 2407 2390 2324 2090 2275 2167 2296 2364 2657 2323 2536 2771 2619 2517 2374 2657 2353 2361 2355 2305 2257 2448 
2670 2684 2803 2478 2631 2370 2620 2744 2629 3212 2665 2545 2819 2277 2960 2574 2649 2846 2730 2586 2732 2838 2708 2490 2888 2556 2829 2679 2885 2880 2679 2580 2661 2862 2640 2465 2925 2962 2739 2640 2598 2730 2894 2633 2647 2612 2638 2523 2814 2569 2971 2588 2920 2505 2603 2556 2534 2497 2624 2210 2967 2691 2722 2587 3073 2222 2909 2610 2805 2473 2549 2428 3001 2352 2843 2793 2514 2820 2702 2764 2545 2452 2454 2363 2561 2607 2596 2807 2652 3026 2773 2643 2622 2887 2744 2400 2519 2507 2528 2634 
2764 2588 2577 2290 2225 2222 2576 2603 2333 2787 2467 2291 2549 2143 2624 2310 2423 2570 2514 2307 2660 2471 2464 2311 2815 2479 2502 2454 2734 2609 2552 2446 2510 2388 2424 2486 2470 2893 2689 2296 2351 2535 2449 2517 2518 2441 2440 2506 2679 2547 2385 2399 2713 2177 2445 2526 2628 2773 2612 2251 2683 2337 2489 2479 3063 2155 2596 2546 2361 2674 2518 2401 2745 2227 2488 2722 2197 2559 2324 2411 2397 2318 2386 2337 2520 2480 2591 2708 2484 2875 2912 2637 2366 2544 2321 2348 2383 2398 2433 2422 
2430 2394 2449 2136 2278 2036 2366 2388 2166 2654 2348 2349 2406 1934 2386 2155 2360 2440 2534 2107 2314 2233 2228 1981 2486 2217 2472 2343 2549 2381 2276 2415 2340 2374 2245 2290 2442 2671 2274 2248 2165 2503 2191 2066 2292 2442 2435 2230 2449 2229 2464 2165 2707 2289 2201 2214 2290 2299 2585 2014 2499 2265 2321 2403 2715 1978 2571 2380 2334 2432 2139 2151 2587 2073 2324 2412 1826 2399 2199 2339 2351 2044 2144 2042 2157 2294 2302 2313 2322 2659 2530 2316 2364 2295 2469 2343 2134 2198 2076 2215 
2725 2588 2446 2123 2284 2317 2426 2600 2412 2741 2459 2439 2417 2303 2513 2388 2457 2314 2377 2229 2358 2478 2305 2203 2755 2241 2480 2448 2439 2907 2329 2480 2658 2545 2101 2541 2602 2614 2593 2326 2267 2370 2469 2373 2478 2376 2476 2390 2483 2345 2561 2055 2654 2121 2539 2358 2587 2416 2413 2053 2615 2275 2410 2437 2876 2071 2367 2612 2401 2549 2410 2316 2705 2233 2492 2540 2127 2420 2339 2457 2363 2270 2331 2359 2371 2330 2503 2450 2353 2809 2527 2589 2424 2513 2556 2269 2204 2238 2381 2450 
2486 2519 2335 2318 2378 2236 2392 2463 2419 2839 2678 2242 2550 2186 2638 2425 2306 2625 2632 2318 2407 2584 2542 2215 2814 2203 2438 2586 2641 2542 2419 2360 2410 2597 2549 2281 2607 2763 2627 2413 2224 2563 2430 2515 2285 2533 2415 2253 2567 2430 2489 2389 2746 2342 2495 2460 2326 2432 2469 2071 2515 2515 2404 2415 2796 2028 2719 2477 2606 2515 2303 2366 2680 2308 2561 2600 2422 2594 2363 2627 2245 2356 2227 2291 2557 2435 2395 2512 2464 2676 2475 2603 2655 2493 2472 2229 2262 2412 2185 2417 
2732 2564 2607 2471 2268 2411 2319 2692 2236 2741 2514 2323 2566 2103 2614 2476 2479 2431 2408 2229 2518 2623 2373 2213 2654 2332 2762 2394 2703 2754 2366 2347 2641 2771 2230 2364 2574 2798 2617 2386 2240 2463 2419 2501 2380 2491 2627 2350 2681 2312 2469 2402 2624 2252 2594 2478 2501 2414 2547 1973 2643 2181 2458 2408 2930 2064 2628 2466 2538 2600 2350 2383 2828 2218 2472 2805 2250 2439 2618 2604 2267 2261 2362 2370 2372 2492 2345 2513 2415 2777 2698 2626 2432 2633 2452 2288 2430 2409 2273 2386 
2974 2933 2982 2710 2811 2646 2793 2768 2811 3321 2713 2583 3020 2529 2920 2673 2996 2793 3015 2545 2824 3087 2857 2536 3044 2721 3132 2837 2960 3182 2935 2727 3080 3132 2673 2987 3218 3158 2878 2932 2781 2731 2726 2966 2978 3025 2916 2673 3095 2926 2828 2872 3226 2789 2814 2949 2928 2911 3079 2545 3104 2736 3057 2760 3351 2395 3098 2917 2917 2887 2801 2755 3215 2557 2983 3048 2794 2978 3178 2919 2755 2730 2801 2554 2986 2862 2850 2862 2785 3164 2880 2920 2835 3051 2787 2671 2779 2866 2477 3002 
2289 2123 2279 2163 1958 2128 2184 2156 2054 2443 2259 2204 2279 1942 2348 2044 2182 2232 2242 2147 2185 2263 2205 1930 2492 2038 2305 2291 2356 2537 2255 1970 2265 2413 2242 2060 2320 2486 2226 2261 2106 2270 1995 2469 2078 2271 2278 2186 2336 2161 2441 2127 2411 2114 2180 2353 2330 2114 2142 1838 2435 2235 2323 2108 2614 1694 2305 2366 2423 2153 2034 2087 2751 1984 2280 2433 2084 2251 2355 2443 2081 2192 2131 2133 2261 2273 2205 2239 2108 2500 2510 2354 2127 2348 2285 2097 2083 2236 2175 2129 
2665 2555 2576 2540 2504 2457 2562 2665 2492 2906 2559 2369 2758 2176 2684 2437 2633 2649 2730 2476 2680 2764 2587 2334 2775 2557 2665 2604 2723 2739 2529 2572 2661 2801 2406 2455 2706 2883 2595 2487 2509 2361 2444 2492 2473 2543 2536 2547 2895 2522 2564 2632 2887 2466 2622 2832 2639 2608 2683 2226 2711 2598 2679 2640 3108 2174 2890 2687 2658 2612 2709 2570 3109 2355 2483 2803 2435 2774 2664 2644 2352 2545 2420 2384 2517 2596 2618 2608 2552 2809 2767 2578 2452 2628 2649 2505 2329 2546 2298 2651 
2685 2529 2506 2377 2366 2387 2427 2467 2390 2703 2434 2166 2388 2051 2611 2463 2338 2515 2510 2300 2554 2549 2425 2107 2701 2316 2617 2400 2540 2637 2393 2270 2374 2682 2221 2279 2504 2840 2716 2439 2181 2643 2427 2321 2508 2492 2369 2368 2604 2381 2516 2384 2850 2343 2438 2361 2390 2625 2530 2093 2540 2232 2469 2368 2885 1986 2494 2373 2484 2554 2470 2244 2885 2213 2433 2719 2609 2781 2542 2619 2238 2150 2236 2187 2475 2514 2378 2442 2669 2644 2629 2487 2376 2688 2514 2272 2478 2282 2090 2555 
2960 2617 2819 2732 2507 2419 2632 2970 2796 3239 2807 2573 2798 2455 2944 2574 2830 2623 2932 2417 2799 2831 2845 2497 3019 2618 3086 2806 3083 3090 2801 2816 2929 3042 2726 2611 2775 3197 2803 2890 2596 2885 2553 2684 2635 2917 2759 2779 2883 2709 2814 2643 3013 2771 2671 2872 2900 2906 2783 2549 2865 2668 2929 2637 3280 2219 3021 2800 2844 2817 2653 2606 3282 2413 2895 3067 2462 2805 2802 2900 2619 2685 2767 2563 2849 2821 2823 2739 2751 3073 2985 3020 2705 2947 2573 2550 2617 2654 2627 2980 
2629 2664 2540 2471 2469 2484 2253 2580 2271 3008 2358 2283 2596 2200 2505 2382 2428 2525 2616 2305 2522 2792 2619 2283 2756 2342 2682 2618 2553 2715 2513 2332 2755 2601 2239 2362 2530 2918 2667 2443 2479 2678 2482 2472 2501 2535 2505 2442 2765 2482 2438 2446 2713 2438 2474 2682 2562 2588 2561 2215 2520 2528 2595 2534 2841 2254 2741 2723 2583 2570 2606 2322 2977 2227 2450 2569 2417 2609 2651 2735 2350 2275 2506 2311 2639 2452 2694 2448 2542 2812 2704 2788 2437 2765 2535 2236 2313 2332 2225 2613 
2548 2342 2398 2059 1948 2188 2209 2311 2327 2532 2441 2239 2390 2112 2611 2458 2344 2423 2314 1959 2306 2345 2320 2107 2488 2232 2445 2229 2402 2644 2236 2310 2372 2444 2177 2326 2372 2648 2277 2396 2087 2332 2216 2210 2212 2361 2177 2131 2443 2254 2459 2149 2493 2190 2200 2246 2433 2449 2309 1944 2547 2184 2428 2142 2684 1859 2328 2447 2318 2319 2217 2084 2624 2017 2402 2484 2237 2326 2190 2257 2207 2170 2246 2114 2417 2372 2337 2325 2322 2630 2529 2499 2343 2536 2081 1986 2159 2316 2139 2367 
2677 2469 2473 2379 2458 2239 2513 2596 2415 2958 2387 2219 2476 2162 2693 2283 2611 2514 2505 2457 2593 2741 2427 2292 2588 2563 2611 2721 2801 2787 2432 2547 2558 2680 2412 2367 2409 2820 2382 2538 2405 2327 2584 2609 2324 2803 2504 2636 2608 2441 2532 2456 2798 2346 2531 2490 2428 2600 2646 2167 2511 2538 2528 2652 2828 1965 2727 2474 2737 2546 2553 2398 2902 2237 2496 2892 2244 2622 2637 2655 2221 2290 2461 2385 2545 2516 2709 2524 2656 2668 2700 2692 2642 2709 2595 2245 2379 2318 2512 2820 
2518 2361 2255 2053 2221 2132 2155 2245 2149 2726 2215 2163 2422 1998 2394 2204 2425 2208 2397 2097 2394 2457 2231 1997 2541 2278 2513 2339 2496 2574 2289 2175 2351 2401 2291 2278 2281 2579 2395 2456 2222 2421 2284 2426 2315 2428 2313 2289 2490 2346 2266 2194 2599 2177 2246 2376 2301 2718 2468 1999 2355 2256 2324 2262 2710 1985 2425 2225 2483 2513 2140 2182 2587 2181 2204 2506 2128 2392 2344 2411 2161 2060 2312 2090 2267 2304 2447 2282 2377 2563 2455 2462 2283 2380 2255 2107 2092 2151 1994 2542 
2715 2573 2694 2359 2471 2483 2419 2575 2390 3171 2525 2257 2574 2319 2796 2279 2780 2567 2654 2527 2710 2808 2553 2117 3088 2500 2956 2576 2816 2883 2592 2651 2814 2897 2367 2526 2557 2816 2871 2501 2514 2734 2678 2470 2650 2719 2548 2718 2676 2474 2679 2448 3033 2354 2594 2774 2594 2775 2613 2367 2799 2534 2494 2591 2975 2219 2606 2543 2769 2727 2754 2577 3179 2350 2490 2926 2493 2739 2748 2779 2472 2358 2638 2380 2615 2663 2452 2557 2606 2903 2660 2833 2660 2854 2714 2398 2490 2565 2346 2946 
2648 2327 2350 2320 2531 2239 2335 2554 2358 2765 2321 2191 2559 2108 2599 2217 2539 2390 2660 2417 2384 2580 2616 2157 2630 2386 2396 2555 2613 2532 2571 2452 2576 2530 2242 2677 2506 2853 2614 2529 2377 2566 2335 2455 2483 2716 2403 2557 2634 2468 2554 2487 2842 2362 2568 2492 2527 2443 2591 2084 2631 2345 2340 2458 3055 1985 2710 2551 2615 2514 2426 2322 2782 2234 2539 2650 2176 2483 2563 2643 2398 2362 2396 2322 2595 2559 2420 2498 2494 2622 2530 2867 2668 2820 2533 2205 2402 2309 2256 2617 
3036 2819 2820 2624 2720 2575 2471 2922 2703 3125 2703 2590 2861 2420 2702 2421 2929 2651 2802 2548 2733 2887 2684 2654 2931 2559 2963 2781 2877 3095 2776 2633 3020 3139 2512 2705 2777 2922 2749 2737 2659 2647 2618 2802 2724 2780 2923 2743 2966 2789 2801 2637 3057 2570 2846 2963 2626 2980 2802 2552 2788 2725 2736 2895 3211 2309 2677 2868 2779 2855 2651 2638 3120 2368 2805 2854 2524 2912 2932 2995 2647 2698 2921 2518 2645 2654 2757 2873 2873 3195 2868 2825 2839 2773 2787 2756 2467 2724 2448 2950 
2736 2746 2772 2510 2510 2557 2407 2782 2610 2958 2547 2361 2959 2383 2761 2492 2531 2629 2549 2336 2657 2714 2750 2464 2891 2472 2742 2512 2909 2774 2675 2612 2620 2790 2450 2467 2684 2774 2667 2419 2561 2508 2646 2510 2757 2470 2628 2501 2731 2519 2701 2599 2655 2469 2647 2709 2599 2560 2812 2184 2848 2554 2546 2715 3093 2191 2674 2766 2556 2636 2529 2591 2982 2340 2532 2860 2467 2562 2603 2669 2463 2483 2603 2496 2400 2501 2641 2665 2541 2885 2804 2706 2391 2730 2540 2543 2533 2571 2329 2728 
2548 2158 2125 2002 2134 2108 2183 2248 2334 2497 2296 2031 2274 1977 2317 2068 2235 2203 2467 2014 2357 2359 2196 2054 2369 2168 2450 2213 2498 2364 2291 2265 2360 2378 2227 2246 2288 2697 2313 2122 2260 2096 2029 2291 2257 2485 2087 2324 2424 2104 2162 2335 2575 2276 2295 2399 2268 2479 2218 1892 2297 2257 2197 2251 2517 1941 2574 2384 2287 2316 2350 2121 2593 2061 2430 2376 2285 2406 2390 2418 2037 2277 2096 2114 2228 2324 2259 2146 2200 2637 2521 2255 2204 2431 2112 2181 2234 2156 2130 2398 
2415 2251 2271 1957 2071 1982 2206 2167 2174 2629 2209 2176 2290 1969 2387 2050 2308 2368 2174 2288 2158 2483 2189 2043 2376 2131 2418 2210 2434 2597 2217 2311 2412 2260 2026 2296 2214 2409 2440 2146 2145 2179 2207 2186 2200 2170 2294 2257 2415 2317 2181 2001 2340 2016 2139 2297 2148 2281 2315 1876 2218 2106 2214 2296 2595 1884 2303 2379 2161 2184 2208 2078 2522 1955 2332 2296 1933 2273 2376 2307 2083 2018 2267 2088 2167 2256 2409 2267 2304 2657 2185 2409 2396 2377 2112 1950 2069 2213 2071 2306 
2874 2647 2966 2468 2536 2566 2770 2821 2654 2978 2754 2671 2889 2347 2835 2571 2798 2836 2922 2511 2787 2726 2763 2412 3102 2623 2869 2766 3017 2971 2990 2724 2970 2864 2571 2572 2686 3099 2830 2609 2476 2790 2696 2864 2749 2770 2856 2891 2719 2525 2931 2655 3039 2569 2713 2566 2622 2726 2798 2306 2827 2707 2777 2824 3202 2306 2902 2893 2745 2788 2615 2592 3217 2358 2786 2807 2301 2834 2722 2843 2634 2545 2539 2406 2756 2703 2720 2650 2720 3054 2807 2782 2835 2794 2823 2594 2466 2600 2794 2667 
2268 2327 2326 2249 2124 1979 2345 2559 2153 2604 2203 1844 2178 2001 2410 2255 2168 2291 2239 1961 2059 2409 2313 2001 2507 2026 2451 2211 2332 2458 2355 2124 2227 2428 2134 2227 2397 2611 2402 2315 2155 2352 2314 2026 2170 1991 2510 2004 2205 2176 2223 2125 2484 1990 2217 2153 2252 2316 2141 1817 2331 2225 2195 2256 2596 1831 2474 2352 2332 2294 2217 2015 2540 2110 2261 2492 2247 2453 2368 2290 2087 2018 2062 2082 2242 2304 2146 2289 2491 2499 2325 2234 2269 2473 2278 2046 2288 2109 1923 2307 
2611 2504 2580 2368 2360 2341 2383 2509 2332 2957 2584 2251 2602 1941 2382 2357 2589 2370 2477 2297 2636 2706 2665 2420 2559 2287 2722 2596 2779 2705 2539 2496 2581 2517 2450 2408 2524 2793 2652 2384 2416 2350 2641 2749 2501 2637 2570 2561 2490 2519 2486 2436 2748 2282 2402 2464 2366 2690 2604 2156 2483 2438 2605 2693 2810 2138 2691 2712 2596 2562 2397 2518 2833 2221 2486 2675 2222 2458 2684 2704 2202 2328 2486 2480 2523 2329 2324 2558 2400 2938 2519 2351 2627 2598 2429 2218 2457 2391 2365 2655 
3114 2684 2915 2574 2798 2595 2888 2981 2634 3131 2704 2566 2857 2406 2948 2801 2788 2935 2917 2736 2796 2858 2546 2467 2983 2881 2833 2954 2948 2876 2895 2711 2969 3050 2646 2711 2856 3090 2813 2677 2674 2705 2701 2945 2695 2936 2708 2881 3135 2847 2745 2706 3184 2512 2989 2950 2866 3079 2857 2542 2881 2760 2828 2855 3295 2295 2925 2818 3056 3004 2705 2735 3289 2522 2710 3004 2545 2883 2928 2916 2546 2668 2667 2557 2741 2763 2863 2937 2769 3146 2916 2916 2642 2854 2984 2727 2654 2797 2691 2806 
2477 2271 2458 2082 2133 2221 2217 2506 2200 2693 2157 2071 2332 2134 2442 2274 2414 2468 2424 2029 2173 2529 2354 2109 2607 2274 2580 2317 2459 2608 2425 2328 2433 2407 2206 2563 2392 2725 2300 2404 2252 2356 2400 2240 2281 2558 2423 2282 2430 2424 2288 2198 2731 2111 2247 2260 2239 2543 2443 2008 2471 2254 2352 2306 2694 1990 2561 2327 2423 2439 2404 2198 2608 2298 2438 2406 2257 2421 2511 2616 2256 2122 2266 2169 2292 2492 2201 2238 2504 2648 2292 2523 2488 2552 2299 2321 2178 2310 1927 2469 

